545.95
283.65
3.66
225.7
1328.275
172.325
91.5
401.075
187.575
235.155
218.38
424.56
122
549
44.53
378.2
411.75
57.95
484.035
378.2
366
292.8
129.015
640.5
464.82
42.7
3.66
256.2
146.4
310.795
659.41
298.9
5.795
549
193.37
119.56
23.79
179.95
656.665
198.86
371.795
297.375
375.455
140.3
301.95
414.8
54.29
399.55
1658.59
517.28
244
1152.9
1665.3
1012.6
625.25
256.2
213.5
402.6
1.22
358.375
317.2
152.5
725.9
330.925
375.15
213.5
373.625
54.9
136.335
268.4
229.36
3.965
2.44
638.975
593.53
292.8
634.4
1238.3
208.925
1805.6
455.67
175.375
156.77
153.72
181.17
335.5
707.6
369.355
308.965
339.77
115.9
209.23
748.47
6.405
288.225
51.85
205.265
471.225
94.55
536.8
3.05
1708.305
936.35
135.725
393.45
291.275
99.125
170.8
300.425
146.4
67.1
181.475
233.63
3.965
596.275
318.725
323.3
274.805
191.54
143.35
356.85
210.45
1873.31
247.05
3.05
2304.275
163.175
2358.565
221.125
231.8
294.63
48.8
326.35
1024.8
105.53
1218.475
397.11
101.87
53.375
59.17
323.605
146.4
146.4
201.3
204.35
106.75
227.225
143.35
25.925
248.575
122
3.05
8.845
263.825
56.425
54.9
292.8
452.01
492.575
117.425
149.45
204.35
536.8
42.7
219.6
1525
349.225
247.965
3.66
1209.325
402.905
283.65
248.575
229.97
210.145
17.08
29.28
181.475
270.23
76.25
332.45
250.1
1358.47
966.85
131.15
286.7
725.9
15.555
345.26
967.46
433.1
198.25
799.1
245.525
199.775
1470.1
1619.855
210.45
19.52
432.49
557.235
241.865
928.42
252.235
283.65
355.325
6.405
446.52
277.55
213.5
NA
836.92
122
204.35
335.5
45.14
323.3
NA
21.35
908.9
221.125
244
332.145
1933.7
2.44
1112.945
847.9
54.29
254.675
103.7
249.49
57.95
81.435
232.105
982.1
267.485
24.4
52.765
324.825
NA
8.54
287.92
195.2
1492.975
100.04
139.08
210.45
48.8
15.25
62.525
88.45
239.425
NA
12.2
210.45
249.185
179.95
1.83
286.395
380.335
30.5
254.065
372.405
188.49
20.435
179.645
231.8
230.275
192.15
315.675
12.2
271.45
843.63
208.925
239.425
394.67
513.925
45.75
629.825
552.05
123.525
327.875
158.295
364.17
131.15
332.45
128.1
1883.985
9.15
1169.065
1515.85
24.095
295.85
152.5
247.355
100.65
1695.8
247.05
218.075
218.075
6.405
597.19
167.75
45.75
195.2
189.1
391.01
1252.94
144.875
335.5
199.775
198.25
1311.805
201.91
695.4
152.5
21.35
1201.395
137.25
294.935
68.625
9.15
140.91
341.6
234.85
36.6
45.75
45.75
200.69
1.22
189.1
1371.585
147.01
370.575
379.725
177.51
166.835
361.425
478.24
244
500.81
59.475
206.485
879.01
2.44
1006.5
1.22
332.145
500.81
24.705
310.185
190.625
246.745
421.51
12.81
366.61
744.81
24.4
59.17
375.15
231.8
28.06
79.3
117.73
512.4
266.875
438.895
65.575
234.85
1264.225
NA
6.1
174.46
2.135
196.725
237.9
228.75
149.45
2260.05
16.775
328.18
1448.75
309.27
210.45
94.55
22.57
42.7
NA
1342
1044.625
571.57
6.1
350.445
361.425
1546.35
31.415
172.325
493.185
316.285
189.405
843.325
275.11
224.48
216.55
107.97
283.65
240.035
169.275
2.44
259.25
336.11
1692.75
352.275
38.125
2216.13
370.575
2298.48
4.88
771.65
1323.7
19.52
254.37
4.27
125.05
992.47
69.54
481.9
6.1
134.2
332.45
207.4
148.84
11.59
317.2
189.1
6.1
NA
1.525
131.15
91.5
1495.72
227.225
232.105
6.405
326.35
48.8
279.075
231.8
372.1
266.875
251.625
177.51
683.2
164.7
362.95
489.525
335.5
884.5
305
1623.21
3.965
273.585
24.4
7.625
24.4
164.7
248.575
402.6
413.275
99.125
33.55
404.125
231.8
788.12
NA
NA
282.43
241.56
239.425
51.85
244
213.5
NA
97.6
179.34
552.05
222.65
2119.75
183
234.24
305
366.61
390.4
672.525
1645.475
157.075
85.4
186.05
402.6
12.2
633.18
404.125
275.72
4.27
404.125
163.175
8.54
39.04
NA
261.69
317.2
2470.195
263.825
10.675
79.3
48.8
312.625
387.35
103.7
44.225
254.675
333.975
596.275
134.2
309.27
517.89
355.325
1.22
283.65
187.575
10.675
286.7
282.125
484.95
119.56
237.9
658.19
347.7
243.085
131.15
347.7
152.5
762.5
367.83
1997.75
765.55
345.87
1027.85
254.98
174.155
547.475
432.49
170.19
1194.99
227.225
292.8
192.15
128.1
277.55
155.55
209.84
335.5
122
504.775
1921.5
353.8
542.9
329.4
155.55
6.71
1216.645
NA
146.4
187.575
2073.39
112.85
65.575
167.75
6.71
362.95
128.1
297.07
395.585
198.555
95.77
59.475
244
1916.925
189.1
301.95
446.215
329.4
576.45
231.8
481.9
315.37
229.97
951.6
6.71
1305.4
274.5
280.6
271.45
375.15
208.62
9.15
789.95
945.5
242.475
422.425
274.5
265.35
93.94
88.45
887.55
533.75
240.95
1479.25
120.475
120.78
413.275
283.65
76.25
NA
213.805
133.895
51.85
437.675
1027.545
654.225
438.59
141.825
200.995
521.855
12.2
183
234.24
195.2
106.75
32.025
748.47
30.5
3.66
1422.215
333.975
788.425
3098.19
170.8
366.61
94.55
265.35
180.56
343.125
889.38
69.54
95.465
282.125
434.93
125.05
210.45
63.135
109.8
13.115
475.8
228.75
207.4
199.775
1680.855
95.77
749.69
155.55
258.335
213.5
99.125
227.225
919.575
57.95
45.75
325.435
213.5
5.185
413.275
149.45
244
340.075
982.1
1216.645
475.8
40.26
173.85
9.15
201.3
164.7
976
263.825
185.135
291.885
18.3
201.3
35.685
366
42.7
152.5
408.7
300.425
1005.585
353.8
259.25
595.36
146.4
227.53
57.95
320.25
53.68
50.935
173.545
12.2
930.25
213.5
1186.755
608.475
205.875
195.2
279.075
317.2
259.25
146.4
64.05
390.4
319.335
1210.85
430.965
3.05
302.56
3.355
98.82
251.625
530.7
335.195
91.5
343.125
18.3
137.25
765.55
118.95
529.175
195.2
11.59
115.9
789.95
886.025
134.2
248.27
71.37
1607.35
349.225
65.27
395.28
395.585
67.1
292.8
265.35
552.05
1778.15
1647
698.45
338.55
145.18
240.95
198.86
1103.185
317.505
65.575
1650.05
403.82
1419.165
332.45
7.32
494.1
433.71
167.75
294.02
318.725
167.75
244
202.215
128.1
18.3
106.75
282.125
611.22
311.1
210.45
158.6
15.25
310.185
427.305
77.775
255.895
6.71
176.9
112.85
9.15
71.675
1.22
1315.465
213.195
865.59
144.875
353.8
227.225
99.125
375.15
529.175
178.425
1183.705
387.35
2843.21
60.39
271.45
210.45
273.28
183.915
353.8
13.115
242.475
3.05
242.78
4.575
155.55
266.875
394.975
588.65
NA
202.825
227.225
394.975
939.4
277.55
NA
1326.75
7.625
190.93
584.685
444.69
372.1
1418.555
372.1
147.01
381.25
744.2
810.69
326.35
1287.71
1654.93
51.85
233.325
32.635
410.835
147.01
265.35
238.51
254.98
1817.8
513.925
308.355
309.575
259.25
47.275
150.975
497.15
76.86
118.95
169.275
942.45
163.48
30.5
244
2647.4
335.5
118.95
97.6
59.17
1921.5
158.6
2070.95
125.05
1610.4
460.55
12.2
167.75
301.95
1509.14
56.12
924.15
434.93
128.1
3.965
1491.45
86.925
254.065
152.5
7.625
391.01
190.625
171.715
113.155
54.9
419.375
258.03
762.5
157.38
118.95
17.995
48.8
134.2
222.65
967.46
32.025
634.4
213.5
3.05
286.7
652.7
152.5
210.45
334.89
91.5
204.35
48.8
99.125
273.89
1799.5
167.75
616.1
176.9
350.445
265.045
240.95
276.94
39.65
465.125
483.73
485.865
228.75
664.9
176.9
297.985
1541.775
218.075
356.85
345.565
283.65
149.755
85.4
6.1
32.025
663.985
187.88
442.25
227.835
375.15
178.12
402.6
1960.235
12.81
455.06
1517.375
146.4
233.935
568.52
165.92
315.675
825.025
292.8
15.25
1264.225
205.875
105.225
530.09
213.805
338.855
2.135
198.555
236.375
458.11
2337.52
1409.1
51.85
300.425
642.025
1076.345
39.65
172.325
2115.48
131.15
574.315
26.23
86.925
236.985
599.325
15.25
117.425
640.5
283.65
265.35
448.35
460.55
1265.14
298.9
225.09
692.35
71.675
370.27
8.235
466.65
226.615
159.82
1313.33
378.2
427.61
138.775
138.775
228.75
313.845
585.6
306.525
131.15
210.145
27.145
64.355
248.575
333.975
228.75
508.74
172.63
231.8
520.025
787.51
254.675
308.05
43.92
186.05
610.305
547.475
152.5
51.545
386.74
191.235
195.2
131.15
396.5
312.93
796.05
285.175
316.59
286.7
62.22
120.17
12.2
645.075
351.665
1934.615
282.125
386.13
1692.75
1509.75
98.82
5.795
173.545
251.625
309.575
427.915
96.38
205.265
228.75
256.2
446.825
91.5
82.96
254.675
427.915
228.75
1100.135
1264.53
15.25
100.65
31.415
388.875
199.165
51.85
256.505
3.66
68.32
134.505
82.35
15.25
6.1
211.06
417.85
62.22
199.775
122
32.025
436.15
12.2
231.8
164.09
291.275
906.155
189.71
119.56
366
619.15
73.2
152.5
24.4
325.13
411.75
391.01
265.35
251.625
13.115
21.35
122
273.585
134.2
NA
205.875
1039.745
537.41
368.135
250.1
362.34
213.5
138.775
82.35
64.05
251.625
735.05
1034.865
1118.13
169.275
28.06
887.55
1142.53
234.85
796.05
550.525
335.5
57.95
6.71
2096.875
9.455
1093.425
3.05
1050.42
262.3
228.75
546.56
280.6
1155.95
40.26
13.725
221.43
368.44
106.75
375.76
53.375
25.925
396.5
248.575
716.445
5.185
107.665
104.92
126.575
234.85
1216.645
1729.655
59.475
262.3
410.225
181.475
10.675
370.88
149.45
463.6
117.425
98.82
401.99
112.545
320.86
478.85
564.25
15.25
100.65
394.67
411.75
301.95
233.325
244.61
314.76
227.225
3.355
24.4
432.185
634.4
44.225
145.485
518.5
400.16
1314.55
396.5
48.8
280.6
448.35
2.44
1000.4
830.21
179.95
30.5
2188.375
122
1398.425
191.845
239.425
195.81
248.27
738.1
103.7
167.75
193.675
442.25
6.71
18.3
498.675
260.775
298.9
273.585
201.3
504.775
411.75
30.5
286.7
435.54
297.375
462.99
794.525
525.21
5.795
178.73
15.555
12.2
167.75
234.85
197.64
1249.89
738.1
178.425
192.15
289.75
1162.05
239.425
150.975
1097.695
70.15
2404.62
303.17
231.8
44.225
207.4
325.435
152.5
1171.2
610.305
108.275
241.56
1006.5
408.7
64.05
39.65
533.75
274.5
594.75
233.63
256.2
115.9
305
253.15
138.775
240.95
767.99
477.325
274.5
286.7
134.2
520.025
155.55
216.55
210.45
1629.615
144.57
515.45
261.69
213.5
297.985
368.135
588.65
113.155
3.05
105.53
88.45
51.85
50.02
145.485
312.32
24.705
211.06
81.74
537.41
9.15
600.85
203.74
276.025
3.355
836.92
143.35
687.775
369.05
366
291.58
32.025
240.34
152.5
812.52
762.5
176.9
826.55
146.705
402.6
11.59
218.99
111.63
366
2118.225
177.51
21.35
149.45
54.9
4.575
244.305
193.675
304.39
523.075
152.5
199.47
368.44
132.37
106.75
1078.785
640.5
280.6
13.725
251.625
150.975
12.505
305.61
176.29
204.96
192.15
247.05
311.1
1049.2
292.8
1521.95
NA
65.575
27.45
122
588.65
462.38
4.575
255.285
234.85
316.59
326.35
276.94
1520.425
163.785
213.5
3.66
1701.9
355.325
1626.26
413.275
434.625
0.61
31.415
53.375
579.5
4.575
222.65
128.1
904.325
195.2
226.92
305
134.2
231.8
2140.185
402.6
262.3
67.71
282.125
472.75
542.29
249.795
579.5
7.625
501.725
54.29
73.81
136.945
145.18
433.71
280.6
282.125
1611.315
840.275
294.63
750.3
277.55
460.55
207.4
36.6
435.54
434.625
6.1
54.9
245.83
530.09
349.225
16.775
247.05
547.78
197.335
491.05
1470.1
655.75
240.95
1223.05
3.66
442.25
40.565
NA
836.92
69.845
231.8
180.56
200.69
117.73
286.7
40.26
762.5
359.9
17.08
472.75
199.775
384.3
277.55
149.755
439.2
1055.3
305
500.2
93.94
654.225
250.1
1206.885
179.645
13.115
336.415
213.5
181.475
964.41
258.03
159.82
161.345
163.48
33.55
NA
574.01
93.94
749.08
80.825
405.65
793
44.835
356.24
51.545
134.2
7.625
696.62
323.91
177.205
723.155
1078.175
126.88
355.325
497.15
294.63
355.325
24.4
991.25
88.45
71.675
162.26
176.9
320.86
67.1
484.95
417.85
698.45
271.45
170.8
83.875
175.985
4.88
803.37
299.815
1414.59
680.76
1241.35
1284.965
65.575
164.7
146.705
442.555
54.9
279.075
569.74
2205.15
399.55
1334.375
97.6
1672.925
118.95
280.6
104.31
59.17
75.945
211.975
340.99
266.875
271.45
832.65
146.4
210.45
204.35
232.105
42.7
350.75
274.5
105.225
59.78
340.685
652.7
222.65
182.695
32.635
411.75
30.5
195.81
584.685
419.07
202.215
144.875
212.585
42.7
640.5
91.5
122
NA
1021.75
231.8
156.77
3.05
1729.655
2014.525
520.025
173.85
527.65
327.875
1421.3
722.85
7.625
1470.1
580.415
215.025
20.74
373.625
224.175
589.26
800.625
140.3
532.53
225.09
167.75
1006.5
163.48
276.33
193.675
921.405
239.425
116.51
1572.58
394.67
311.1
252.235
257.725
750.3
210.45
51.85
200.995
576.145
312.625
396.195
67.1
414.8
304.39
152.5
234.85
817.4
231.8
439.81
179.95
138.775
42.7
427
40.26
1388.36
137.25
67.1
377.285
30.5
88.755
9.15
39.65
125.05
1317.905
274.5
210.45
194.285
178.73
40.26
503.25
584.685
692.35
145.485
115.9
38.125
96.38
59.475
1752.53
1660.725
170.8
528.87
299.51
478.85
109.495
1857.145
305
36.6
1321.87
75.64
53.375
298.9
152.5
320.25
1481.08
54.9
789.035
324.825
1300.825
390.705
1619.855
118.035
526.43
109.8
218.99
39.04
362.95
366
107.97
125.05
230.885
82.045
71.37
15.25
19.215
200.69
78.385
1250.5
273.28
5.185
98.82
1874.225
57.95
1229.15
413.275
1027.85
528.87
163.175
358.375
274.5
262.3
187.575
189.1
411.75
97.6
329.4
498.065
239.12
59.475
285.48
279.075
1311.5
134.2
198.86
122
97.6
24.4
300.425
203.74
483.73
413.275
156.16
181.17
201.91
219.6
189.1
93.94
242.475
271.45
1611.315
1981.585
566.385
44.53
1024.8
256.2
656.665
308.05
88.755
574.62
178.73
29.28
441.335
270.84
NA
2745.305
146.4
165.31
107.97
1209.325
1113.25
338.245
985.15
89.365
1680.55
255.285
175.985
164.7
347.7
85.705
136.945
134.2
236.985
115.9
210.45
74.725
272.975
51.85
748.47
22.875
492.575
2067.9
244
441.335
31.72
1171.2
158.6
13.725
1162.05
107.97
1406.05
308.05
76.25
317.2
190.625
15.25
128.1
15.86
10.675
1414.895
135.725
498.065
992.47
709.125
73.2
49.41
61.61
492.575
298.9
257.725
579.5
231.8
1125.45
1903.81
256.505
30.5
126.88
847.9
141.825
262.3
436.15
183
349.835
9.15
592.615
646.6
2153.3
395.89
297.985
219.905
294.63
146.4
889.38
204.35
189.1
328.18
473.36
7.625
128.1
2304.275
721.02
713.7
654.53
1.525
317.2
195.2
241.255
318.725
99.125
114.375
350.75
1023.275
125.05
80.52
335.5
18.3
376.37
59.475
1555.5
366
388.57
178.425
129.625
39.04
300.12
247.66
303.475
159.82
524.6
189.1
128.1
1306.62
306.83
103.7
305.61
110.41
25.925
329.095
788.12
176.9
811.3
146.4
216.55
2418.04
343.125
1510.97
4.575
83.875
107.97
516.975
253.15
245.525
247.05
27.45
48.8
992.47
37.515
155.55
181.475
234.85
21.35
4.575
353.8
97.6
1285.575
35.38
491.05
368.745
1262.7
23.79
12.505
137.25
1493.28
137.25
55.815
213.5
18.3
39.04
25.01
743.285
635.315
149.45
28.06
32.33
336.415
369.66
188.49
1573.8
270.84
607.255
134.2
216.55
597.8
113.155
60.39
231.19
85.4
122
227.225
628.3
164.7
33.55
315.675
1238.3
210.45
159.21
192.15
579.195
225.395
224.785
248.27
186.05
300.425
366
NA
181.78
228.75
157.075
208.62
149.755
163.785
2394.25
213.5
222.65
298.9
195.2
36.6
200.08
144.875
266.875
167.75
1268.8
1525
182.085
NA
298.9
366.915
118.95
157.38
569.435
427
420.9
1211.155
262.3
51.545
141.825
1.525
3.05
68.625
315.37
265.96
189.1
2.135
148.84
1.525
2298.48
244
394.975
237.9
76.86
231.8
223.26
814.35
595.055
74.725
330.925
292.8
2670.58
37.21
164.7
1442.65
265.045
1616.5
655.75
155.55
463.6
74.725
157.075
614.575
201.91
183
1459.425
279.38
53.375
1290.15
9.15
101.26
727.425
2049.6
275.11
283.65
999.79
6.1
183
856.135
349.225
25.01
385.825
317.2
231.8
259.25
107.36
1102.575
290.97
427
36.6
1006.5
734.135
452.01
137.25
10.675
408.7
184.525
788.73
168.97
602.375
1578.375
146.4
240.95
542.9
906.155
350.75
298.9
535.275
120.475
181.475
379.725
98.82
372.1
301.95
6.1
109.19
330.925
306.525
369.05
1067.5
4.575
257.725
268.4
301.035
219.6
1223.05
183
138.775
567.3
313.235
1317.6
1090.375
289.445
15.25
895.175
830.21
155.55
335.5
1442.65
3.05
91.5
8.54
841.8
44.225
NA
100.65
126.88
214.415
103.7
286.7
1719.285
213.195
73.2
91.5
123.525
183
460.55
125.05
137.25
341.6
12.2
338.55
192.15
53.375
1284.05
394.67
36.295
205.875
3.965
39.65
332.45
561.505
145.18
367.83
338.245
721.02
286.7
1203.225
219.6
376.675
21.35
67.1
67.1
1685.43
504.165
1140.7
333.975
116.205
12.2
800.625
227.225
189.1
613.05
4.575
1680.55
359.29
2298.48
233.02
231.8
251.625
237.9
2260.05
384.3
324.825
120.17
277.55
1209.02
166.835
NA
250.1
57.95
869.555
208.925
1067.5
305
4.88
48.8
173.85
NA
836.92
283.04
1662.86
413.275
1102.575
9.15
167.75
108.275
1419.165
820.45
1868.43
40.26
77.775
318.42
704.55
269.01
95.465
220.82
485.255
95.77
310.49
100.65
1.525
21.35
344.65
533.75
222.65
265.96
204.35
251.625
268.4
210.45
263.825
123.83
918.05
195.2
1594.54
2.44
437.37
402.6
122
320.86
2098.095
292.8
128.1
165.615
823.5
527.65
27.755
1.22
253.15
234.85
59.475
529.175
0.61
179.95
576.45
1049.2
163.175
158.6
294.02
1761.68
96.075
236.07
186.05
32.025
242.475
280.6
254.065
469.7
91.5
350.75
243.085
704.55
152.5
268.4
73.2
6.71
6.1
54.9
100.65
115.9
143.045
660.325
274.5
335.5
73.2
122
186.05
251.625
NA
1700.375
285.175
286.09
245.83
133.895
253.15
42.7
338.245
96.075
138.775
2.135
265.655
50.02
200.08
256.2
748.775
118.95
488
325.13
865.59
135.725
289.75
1.525
2.745
423.95
480.07
36.6
197.945
150.67
213.5
230.275
273.89
193.065
61.305
480.375
218.075
274.5
358.375
274.5
57.95
205.875
175.07
213.5
748.47
280.6
506.3
262.3
890.6
19.825
1907.165
99.125
1126.365
410.53
376.37
234.85
221.125
1321.26
1525.305
448.35
260.775
701.5
249.185
1003.45
433.405
152.5
183.305
434.625
61.305
24.4
51.85
1021.14
145.18
341.6
118.035
921.1
227.225
186.05
12.81
244.61
1058.045
45.14
210.45
7.625
61.305
83.875
47.275
194.285
332.145
308.965
186.05
369.05
468.175
372.1
NA
314.15
18.3
213.5
32.025
640.5
4.27
194.285
115.9
190.32
41.175
209.23
184.83
NA
51.85
107.97
118.95
552.05
2070.95
202.215
1.525
315.37
189.1
111.325
68.625
559.37
884.5
179.95
195.2
108.58
118.95
183
120.17
248.27
68.625
65.575
51.85
1988.6
1572.885
452.925
195.2
463.6
388.57
309.27
146.4
322.08
88.45
235.765
896.7
NA
20.74
99.125
61.305
339.77
175.375
56.425
2.135
936.35
2041.365
292.8
344.345
682.59
317.2
265.35
175.375
88.45
320.25
47.275
1024.8
2397.3
6.1
41.175
321.775
417.545
59.475
265.35
112.85
244
55.51
234.85
707.6
588.65
314.15
256.505
1368.535
1118.13
213.805
350.14
366
345.26
356.85
202.825
381.25
47.275
201.91
179.95
362.95
208.01
289.75
232.41
2196
192.15
229.665
77.47
1358.775
1116.91
174.155
167.75
864.675
552.05
99.735
156.465
46.97
204.35
16.775
680.15
NA
227.225
299.51
80.52
1865.38
298.9
251.93
1249.28
399.55
387.35
94.55
13.115
288.225
1024.8
150.975
1547.875
262.3
254.37
394.06
30.5
204.35
79.3
280.6
289.75
314.15
280.6
30.5
430.965
62.83
239.425
532.835
1100.135
41.175
1964.2
12.2
182.695
971.425
222.04
972.95
1100.135
34.16
309.27
228.75
346.175
15.25
522.465
305
128.1
115.9
344.65
1389.58
76.25
2064.85
799.1
22.57
462.075
4.575
501.42
160.735
228.75
364.78
314.15
62.525
984.235
250.1
1432.28
253.15
282.125
472.75
179.035
893.65
1238.605
747.25
1018.7
242.475
85.095
469.7
132.675
801.845
292.8
182.085
250.1
428.525
88.45
22.875
183
189.1
27.45
163.175
465.125
32.94
448.35
143.35
251.93
1418.555
187.575
160.735
1607.35
169.275
314.76
402.6
262.3
4.575
440.725
44.835
85.705
125.965
299.815
301.95
1441.125
167.75
50.02
1253.245
239.425
137.25
100.65
770.125
1343.22
114.375
79.3
228.75
219.6
7.625
469.7
44.225
195.81
132.675
186.05
194.895
237.9
301.95
260.775
174.765
178.425
248.575
161.955
263.825
1750.7
53.375
270.535
96.075
103.09
123.525
239.425
599.325
167.75
396.5
114.375
256.2
178.425
1274.29
1628.09
329.4
387.35
603.9
7.625
323.3
689.3
14.03
446.215
268.4
201.3
109.8
16.775
189.1
125.05
NA
661.85
179.34
320.25
439.2
270.84
4.88
455.975
21.35
113.155
101.26
12.2
29.89
283.65
107.97
283.65
169.275
100.65
176.9
353.8
274.5
190.625
170.8
201.3
1003.45
51.85
460.55
2.44
1491.45
204.35
213.5
920.185
178.73
1082.75
762.5
167.14
234.85
202.825
846.375
293.715
61.305
2.44
67.1
366
256.2
6.1
386.74
183
54.9
366.61
135.725
312.32
480.375
607.56
12.2
294.63
134.2
177.205
709.125
40.26
109.8
143.96
351.665
301.95
492.575
335.5
22.875
351.665
126.88
25.01
240.95
669.78
397.11
88.755
379.115
271.45
68.625
237.9
241.255
759.45
269.315
866.2
668.56
610
7.625
605.425
248.575
710.65
3.66
306.525
51.85
3.965
240.95
54.9
289.75
5.795
35.38
67.1
473.055
196.725
9.15
460.55
250.1
139.08
89.06
218.99
5.185
172.325
189.1
557.235
189.1
218.99
2207.59
3.05
417.85
1027.85
396.5
394.67
232.105
6.1
24.705
109.8
153.72
38.125
437.98
312.93
248.575
1102.575
1299.3
905.85
532.53
44.225
1.525
29.28
3.05
469.7
213.5
448.96
352.58
24.4
74.725
215.025
24.4
234.85
1840.98
915
465.125
651.175
150.67
138.775
201.3
128.1
695.4
244
51.85
265.35
332.45
250.1
408.7
401.075
134.2
195.2
221.125
21.045
116.205
625.25
207.095
295.85
219.6
99.125
664.9
128.1
325.435
370.575
198.25
3.05
98.82
122
164.7
129.625
8.235
2056.005
484.95
139.08
52.765
109.8
244
164.7
123.525
274.5
152.805
82.35
384.605
13.115
206.485
163.785
63.135
789.95
500.2
5.795
6.1
80.52
39.04
3.05
329.4
359.9
14.945
762.5
680.15
270.535
381.25
2.135
146.4
127.185
119.865
218.075
455.975
264.74
289.75
1921.5
12.81
959.225
111.325
51.85
22.875
295.85
2.745
237.9
707.6
146.705
152.5
1167.54
332.145
433.405
109.8
2347.585
163.785
84.18
1611.315
1654.93
3.66
416.325
1403
286.7
59.78
2091.385
7.93
1249.89
378.2
323.3
125.05
6.1
65.88
370.27
762.5
1087.935
939.4
164.7
533.445
856.135
951.6
214.11
0
324.52
237.9
99.125
317.2
151.585
202.825
216.55
362.035
628.3
NA
345.26
282.43
289.75
381.25
231.8
179.34
1439.6
113.155
204.35
799.1
186.05
2592.5
6.1
542.9
783.85
242.475
23.79
17.69
21.35
317.2
44.225
381.25
6.1
15.25
140.3
213.195
280.6
1165.1
272.975
15.555
222.65
196.725
443.47
193.37
1209.325
502.335
283.04
2764.825
335.5
268.4
3.66
103.7
108.275
100.65
326.96
126.575
234.85
169.275
323.3
414.8
53.375
122
445.3
474.885
206.79
199.775
195.2
536.8
298.595
597.8
353.19
158.6
324.52
9.15
179.95
207.4
962.58
118.035
309.27
411.14
205.265
34.16
62.525
109.8
552.05
1547.875
117.425
234.85
602.375
274.5
576.45
721.325
414.8
1170.285
1343.525
NA
658.8
1006.5
97.6
167.75
199.775
74.725
3.965
326.96
88.45
24.4
265.045
788.425
1480.775
197.64
198.86
225.7
1180.35
1625.04
591.7
155.55
327.875
143.35
201.3
364.475
181.475
436.15
114.985
95.77
241.255
286.7
167.75
312.93
308.05
9.15
3.66
256.505
799.1
1456.07
229.97
2.745
266.875
179.95
359.9
244
NA
595.055
171.715
1313.94
192.15
7.32
73.2
64.965
131.15
204.35
95.465
335.5
904.325
239.73
311.1
454.45
427.915
1370.975
231.8
335.5
167.75
12.2
39.04
221.125
265.35
465.125
141.825
814.35
747.25
128.1
1897.405
141.52
437.675
366
1137.65
335.5
356.85
274.5
1316.99
57.95
176.9
552.05
35.075
1342.61
73.2
138.775
175.375
79.3
183.915
995.825
107.36
106.75
352.275
221.43
475.8
433.1
1561.6
300.73
25.01
30.5
