162.705011389228
517
517
517
517
517
517
517
517
517
517
517
517
517
517
517
517
517
517
517
517
517
517
1262.44861336105
517
517
517
517
517
517
517
517
517
517
517
517
517
517
517
517
517
517
517
517
517
517
517
517
517
461.471031189102
517
967.483740914008
517
252.38165774248
687.823441140841
517
517
517
517
517
517
517
517
517
517
517
517
517
517
517
517
517
517
318.375884777087
1563.40677873908
517
517
517
517
517
517
517
517
517
517
517
517
517
517
517
517
517
517
517
517
517
517
517
517
517
517
517
517
517
517
517
517
517
517
517
517
517
517
517
517
517
517
517
517
517
517
517
517
517
517
517
517
517
517
517
517
517
517
517
517
517
517
517
517
517
517
517
517
517
517
517
517
517
517
517
517
517
517
517
517
517
517
517
496.113555160304
517
517
517
339.501902898197
517
517
132.682095617618
517
517
517
517
612.525023587054
517
517
517
517
517
517
517
517
517
517
517
517
769.328406889403
517
517
517
517
517
418.367203321755
517
517
193.362215331957
517
517
517
517
517
517
517
517
517
488.11440358126
517
517
517
517
517
517
517
517
557.047866450932
517
517
517
517
517
517
517
517
517
517
517
517
517
80.5222421410677
281.341515100113
517
517
517
517
517
517
517
243.218599216066
517
517
517
517
517
517
517
517
517
517
517
517
517
517
517
517
517
517
517
517
517
517
517
517
517
517
517
360.577769917806
517
517
517
517
517
517
517
517
517
621.287851847494
517
517
517
517
517
334.852773320735
8.17364499479172
517
517
517
517
517
517
517
517
517
517
173.50332304135
517
517
517
517
517
579.852092829143
517
517
517
517
517
517
517
517
517
517
517
517
517
517
517
517
517
1016.51376116144
517
517
423.565022950364
517
517
517
517
517
517
517
517
517
517
517
517
517
517
517
517
517
517
517
517
517
517
517
517
517
673.239782391191
517
645.298923259295
517
517
517
517
517
517
517
363.170688736359
517
517
106.68255816838
517
517
517
517
517
517
517
517
517
517
517
517
517
517
517
517
517
517
517
517
517
517
517
517
517
517
517
517
517
517
517
517
517
517
517
517
517
517
517
517
517
517
517
517
517
517
517
517
517
517
517
517
517
517
517
517
517
7.59507367573182
517
517
517
292.824388698973
517
517
517
517
517
1576.92662866927
517
517
517
517
517
517
517
517
517
517
517
517
517
517
517
517
517
517
517
517
517
517
517
517
517
517
517
517
517
517
517
517
517
517
517
517
517
517
517
517
517
517
517
517
517
517
517
517
517
517
517
517
517
517
517
517
517
517
517
517
517
517
517
517
517
517
517
517
517
517
517
517
517
517
517
517
517
517
517
517
517
517
517
517
517
517
517
517
517
517
517
517
517
517
517
517
517
517
517
517
517
517
517
517
517
517
517
517
517
517
517
517
517
517
517
517
517
517
517
517
241.327166286104
517
883.508533524373
517
517
471.980983764781
517
517
517
517
517
517
517
517
517
517
517
517
517
517
517
517
517
517
517
486.813112584121
517
517
517
517
517
517
517
517
517
517
517
517
517
517
517
517
517
517
517
517
517
517
517
551.539195007956
517
517
420.468763535781
517
606.699820147127
517
517
517
517
517
517
517
610.839646414422
517
517
517
517
517
517
517
517
517
288.628225134044
517
517
517
517
517
517
517
517
517
517
485.963365171467
517
517
517
517
517
517
517
517
517
517
517
517
517
517
701.905545390431
517
517
517
517
517
517
517
517
517
741.911897461974
517
517
517
517
517
517
517
517
517
517
517
517
517
517
517
517
517
517
517
517
517
517
517
517
517
517
517
517
517
517
517
303.449258544211
480.251957900907
334.173304319969
517
517
517
517
517
345.828653728218
517
517
517
517
517
517
517
517
517
517
517
377.348966319844
517
517
517
517
517
517
517
517
517
517
517
386.243404978193
517
60.4971116035685
517
517
517
517
517
517
517
517
517
517
517
517
517
517
517
517
517
716.216810965123
517
517
517
517
517
172.940916555503
517
517
517
517
517
517
517
517
517
517
517
517
517
517
517
517
517
517
517
517
517
517
517
517
517
517
310.063949891602
517
517
517
517
239.623360190759
517
517
517
517
517
517
517
517
517
517
517
517
517
517
367.985595338741
517
517
517
517
517
517
517
517
517
517
517
517
517
517
517
517
698.777966312408
517
517
517
517
22.4809917898884
517
517
517
517
517
517
517
517
517
517
517
517
517
517
517
517
517
517
517
517
517
517
517
517
452.953658784516
517
517
517
517
517
517
647.242429445945
517
517
517
517
517
110.275587951816
517
517
517
517
517
517
517
517
517
517
517
517
517
517
517
517
517
517
517
517
517
517
517
418.265838398373
517
517
517
517
517
517
517
517
517
517
517
517
517
517
517
517
517
14.4128798135262
517
517
517
517
517
517
517
517
517
517
517
517
517
517
517
517
517
266.452639972266
517
517
517
517
517
517
526.140283402794
517
517
517
517
517
517
517
517
517
517
517
517
517
517
517
517
517
517
517
517
517
517
517
517
517
517
517
517
517
742.527810498121
517
517
517
517
517
517
517
517
517
307.106925888391
517
517
517
517
517
517
517
517
517
517
517
517
517
517
517
236.272413175374
517
517
284.784638914587
517
517
517
517
517
517
517
517
517
517
69.276198223114
517
517
517
517
517
517
517
517
1488.25969880859
517
517
517
244.507645040464
517
517
517
517
517
517
517
517
517
517
427.970719137525
517
517
517
151.540530947322
517
517
517
517
517
517
517
517
517
517
517
517
517
517
517
517
517
517
517
517
517
332.566813916766
632.307252052967
517
517
517
517
24.5799699466953
475.214953327849
517
517
517
517
517
517
517
517
517
517
517
517
517
517
517
517
517
517
517
517
517
517
517
517
517
517
517
434.164545038118
517
517
517
517
517
517
517
517
517
517
871.985306785773
517
517
517
517
517
517
517
517
517
517
517
517
517
517
517
517
517
517
517
517
517
517
517
517
517
386.764316256558
517
517
517
517
517
517
517
517
517
517
517
517
517
517
517
517
517
517
517
517
517
517
517
517
517
517
517
517
517
517
278.830041017738
312.548518099106
517
517
517
749.790465069862
517
517
805.602014105435
517
517
517
517
517
517
517
517
517
517
553.442517077071
517
517
517
517
517
517
517
517
517
517
517
517
517
517
517
517
517
517
656.906277052631
517
517
517
517
517
517
517
517
517
517
517
517
517
517
538.935622678058
517
517
517
517
517
517
517
517
517
517
517
517
517
517
517
517
517
517
517
517
517
517
517
517
923.700213295854
517
517
517
517
517
517
517
517
517
517
517
517
517
517
493.485343821925
517
517
517
517
517
517
517
517
517
517
517
517
517
517
1067.73092117595
517
517
517
517
517
517
517
517
517
517
517
517
517
1237.8311330018
517
517
517
517
517
517
517
517
517
517
517
1514.55106340809
517
517
517
85.2012426989344
517
517
517
517
517
517
517
517
517
517
517
517
517
355.551503419669
517
517
517
517
517
517
517
517
517
517
517
517
517
517
153.580090029694
517
517
517
517
517
517
517
517
517
517
517
517
517
517
546.510804312688
517
517
517
422.701393201708
517
517
517
517
517
517
517
517
389.540407650991
1449.41889206554
517
517
517
517
517
517
517
844.192883535561
517
517
517
517
517
517
517
517
517
283.453269718341
517
517
517
517
517
517
193.080634305169
517
517
517
517
517
517
517
517
517
517
517
1217.39603104984
517
517
517
517
517
517
517
517
517
517
517
517
517
517
517
517
517
517
517
517
517
517
517
517
517
517
8.76934516898068
517
517
517
517
517
517
517
517
517
517
517
517
517
517
517
632.552382393161
517
457.063008954653
517
517
517
517
517
517
517
517
517
517
517
517
517
517
517
517
517
517
517
517
517
517
517
517
517
517
343.275819969152
517
517
517
517
517
298.89899071159
517
874.987195450261
517
517
305.939252135643
517
517
517
517
517
517
517
517
517
517
517
517
517
517
517
517
517
517
547.662968080886
517
68.3754525880587
517
1152.5455212168
517
517
517
517
517
517
517
517
517
517
517
517
467.635874793189
517
168.974223260899
517
517
517
517
517
517
517
517
517
517
517
517
517
517
517
517
517
517
517
289.535825394808
517
517
517
517
517
517
344.208906177405
517
517
517
517
517
517
517
1947.93945982971
517
88.3688094978019
517
517
517
517
517
517
517
517
517
517
517
285.402992005671
517
517
54.2596666891084
517
517
517
517
517
517
517
517
517
517
517
517
517
517
517
517
517
517
517
517
517
517
517
517
740.257879196781
517
517
517
517
517
517
517
517
517
517
517
517
517
517
517
517
517
517
517
517
517
517
517
517
517
517
517
517
517
517
517
720.431481424632
877.230786978375
517
341.097409606624
517
517
568.964147680858
517
517
517
1007.35787349645
517
517
517
517
517
517
517
517
517
517
517
517
517
517
517
517
517
517
517
517
517
426.998116850959
517
517
517
517
517
517
517
517
517
517
517
517
517
517
517
517
517
517
517
517
440.021985559368
517
255.021926694787
517
517
517
517
517
25.4725466480785
517
517
517
517
517
517
517
517
517
641.79271406537
517
517
517
517
517
517
517
214.848102317562
517
517
517
517
517
517
517
517
517
517
517
517
517
517
517
517
517
517
517
517
517
517
517
517
517
517
188.863183398391
517
1875.05593318829
517
517
517
517
517
517
517
517
517
517
485.401852434768
517
517
517
517
517
517
517
517
517
517
517
517
517
517
517
517
517
517
517
517
517
517
517
517
517
517
517
517
517
517
517
517
517
517
768.015572053198
517
517
517
517
517
517
517
733.503710680255
517
204.939158766554
517
517
517
517
517
517
517
517
517
517
517
517
517
517
517
517
517
517
517
517
634.152750288937
517
293.818305199395
517
517
1190.23560586615
517
517
517
517
517
517
517
517
517
517
517
517
576.224913704912
738.41101723087
246.305233339138
517
517
517
517
517
517
517
517
517
517
517
517
517
517
517
517
517
517
517
517
517
517
517
517
517
517
517
517
519.953351857238
517
517
517
517
517
517
517
517
356.537266873777
297.170947094267
517
517
517
517
517
517
517
517
517
517
517
517
517
517
517
517
517
517
517
517
517
517
517
517
517
1415.02701666552
517
517
649.846274677912
517
517
517
517
517
517
517
517
517
517
517
517
517
517
517
517
517
503.472634781831
517
517
517
517
517
1575.68288769572
517
517
517
517
517
517
517
517
509.520647799493
517
517
517
517
517
517
517
517
517
517
517
517
517
517
517
310.735091631863
517
517
517
517
517
517
517
517
517
517
517
295.366340593625
517
517
517
517
517
517
517
517
517
517
517
517
517
517
517
517
517
517
517
517
517
517
517
517
517
517
517
517
517
517
517
517
517
517
517
517
517
517
517
517
517
517
517
517
517
517
768.691198968505
517
517
212.998498519196
517
517
517
517
517
517
517
517
517
517
517
517
517
517
517
517
517
517
517
517
517
517
517
517
517
517
517
517
517
517
517
517
517
517
517
98.4985716280336
517
517
517
517
517
517
517
517
517
517
517
517
346.328961130025
517
517
517
517
517
517
517
517
517
517
983.320684495763
517
517
517
517
517
517
517
517
352.199382464569
517
1215.80544440461
517
256.026994759326
517
517
517
517
575.405047493652
517
517
517
517
517
517
517
517
517
517
517
517
517
517
296.135036166852
517
517
517
517
517
336.503733634057
517
517
517
517
371.132086520794
656.175528649302
517
517
517
517
517
517
517
517
517
517
517
517
517
517
517
517
517
517
517
517
517
517
517
517
517
517
517
517
517
517
517
517
517
517
517
517
517
517
517
497.202071472024
517
517
517
406.276613532631
517
517
517
491.051183658084
517
517
517
517
517
517
517
517
517
517
517
517
517
517
517
517
517
517
517
517
517
517
517
517
517
517
517
517
517
517
517
1346.78840893152
517
323.506206901766
517
517
517
517
517
881.292219599061
517
517
307.195542087696
520.744556318372
517
517
517
517
624.7071213078
280.599301502442
517
517
517
517
517
517
517
517
517
517
517
517
517
517
517
517
517
517
517
517
517
517
517
517
517
517
517
517
517
517
141.867490602097
517
517
517
517
517
517
517
517
517
517
517
517
517
517
517
528.290716634963
517
517
517
517
517
517
517
517
517
517
517
517
517
517
517
517
517
517
517
517
517
517
517
517
517
517
517
517
517
517
517
517
517
517
517
517
517
517
517
517
517
517
517
517
517
517
517
517
343.893844073392
517
517
517
517
517
517
517
517
517
517
517
517
517
517
517
517
517
517
517
517
517
517
517
517
517
517
517
517
517
517
517
517
517
517
517
514.218354200867
517
517
517
517
517
170.279217886925
517
517
517
517
1003.79204984192
517
517
517
517
517
517
517
517
517
517
517
283.979149522708
517
517
517
517
640.030706892612
517
517
517
517
517
517
517
517
517
517
517
517
517
517
517
517
517
517
517
517
517
517
517
517
517
517
517
517
517
517
517
517
517
517
517
517
517
517
517
517
517
517
517
517
517
517
517
517
517
517
517
517
517
517
517
517
517
517
517
517
517
517
517
517
517
517
517
517
517
517
517
517
517
517
517
517
517
517
517
517
517
517
517
517
517
517
163.911600643158
517
517
517
517
517
517
517
517
517
517
517
435.098100462674
517
517
517
517
517
517
517
517
517
517
517
517
517
517
517
517
517
517
517
517
517
517
548.293099899701
517
517
517
517
517
517
698.488595401632
517
517
517
517
517
517
517
280.788590563925
517
517
517
517
517
517
517
517
517
517
517
517
517
517
517
517
517
517
517
517
517
517
517
1250.65168470514
517
517
517
517
517
517
517
495.81958376759
517
517
517
517
517
517
517
517
517
517
517
517
517
556.62342554568
517
517
517
517
517
517
517
517
517
517
517
517
517
517
517
517
268.837289642856
517
517
572.460564219765
517
517
620.20344750807
517
517
517
517
517
517
517
517
517
517
517
517
517
517
517
517
517
517
517
517
517
517
517
517
517
517
517
517
517
517
517
517
399.589330086315
517
517
517
517
517
517
517
517
517
517
517
517
517
517
517
517
517
517
517
517
517
517
517
517
517
517
517
517
517
517
517
517
517
517
160.226169558608
517
517
517
517
517
517
517
517
517
517
517
517
257.460070473554
517
517
517
517
517
517
517
517
517
541.847519362728
517
517
517
517
517
644.121355663861
517
517
517
517
517
517
517
517
517
517
517
517
517
517
517
517
515.534162379649
517
517
517
517
517
517
517
517
168.202783710321
517
517
517
517
266.748678660657
517
517
517
517
517
517
517
517
517
517
517
517
517
517
517
517
517
517
517
517
517
517
517
517
517
517
517
517
517
517
517
517
491.329544449206
517
517
517
517
517
517
517
517
517
517
517
30.1381634304441
517
517
517
451.562150789694
517
517
517
517
517
517
517
517
517
517
517
517
517
517
517
517
517
517
517
517
517
517
517
517
517
517
517
1341.31901158463
517
517
517
517
517
517
517
517
517
517
517
369.992886962881
517
583.445016386407
517
517
517
517
517
586.150470358807
517
602.138024112678
517
517
517
517
517
517
517
517
517
517
517
517
517
517
517
517
517
517
517
517
517
517
517
517
517
517
517
517
517
517
517
517
18.4006070505432
517
517
517
517
517
517
517
517
517
517
517
517
517
517
517
517
517
517
517
517
517
517
517
517
517
517
517
517
517
517
517
517
517
517
517
517
436.277862653894
517
517
517
517
517
517
517
517
517
517
517
102.022918710562
517
517
517
517
517
517
517
517
410.323834311497
517
517
517
517
517
517
517
517
517
517
517
517
517
517
517
517
517
517
261.751562034475
517
517
517
517
517
517
1017.6042583805
517
652.704564852197
517
517
517
93.8909442798071
517
517
517
517
517
517
517
517
517
517
517
517
517
517
517
517
517
517
517
517
517
517
517
517
517
212.414098490838
469.554344351158
517
517
517
517
517
517
517
517
517
517
517
517
517
517
517
517
517
517
517
517
517
517
517
517
517
517
517
517
517
517
517
517
517
517
517
517
517
600.156785731707
517
517
517
517
517
517
407.583047944423
517
517
517
517
517
517
1008.41668207971
517
517
517
517
517
517
517
517
517
517
517
517
517
517
517
517
517
612.763378041372
517
1839.87117554806
517
517
517
517
517
517
517
517
517
517
517
517
517
517
517
517
517
517
517
517
517
517
517
517
517
517
517
517
517
517
517
517
517
517
517
517
517
517
517
517
517
517
517
517
517
517
517
517
517
517
517
517
517
517
517
1176.88465623985
517
517
517
517
517
517
517
517
517
517
517
517
517
517
517
517
517
517
517
401.211607406357
517
517
517
517
517
517
517
517
517
517
517
517
517
517
517
517
517
517
517
517
517
517
517
517
517
517
517
